<?xml version="1.0"?>
<opencv_storage>
<cameraImagePoints>""</cameraImagePoints>
<nbPoses>23</nbPoses>
<pointsPose00 type_id="opencv-matrix">
  <rows>54</rows>
  <cols>2</cols>
  <dt>f</dt>
  <data>
    269.362671 242.376633 270.670593 212.384781 272.636993 182.554169
    274.529022 153.912094 276.793091 126.599396 279.095306 101.383324
    298.499695 244.217056 300.085938 213.501236 301.514099 183.152405
    303.113922 153.51564 304.527954 125.576057 306.138733 99.6617432
    329.308411 245.869492 330.507874 214.567352 331.694427 183.488861
    332.77002 153.517578 333.603638 125.385506 334.496399 98.6646881
    360.657684 247.411026 362.281403 215.499481 363.057831 184.373947
    363.505707 153.757492 363.504761 125.283058 363.422852 98.5098267
    392.449951 248.500961 393.521576 216.520386 394.33078 185.139404
    394.116913 154.520798 393.490234 125.715103 392.22168 99.2940674
    423.458069 248.780579 424.499084 217.47464 424.558197 185.888123
    424.051147 155.453384 422.616211 126.815865 420.601898 100.273331
    452.659332 249.211639 453.624542 217.818878 453.632111 187.066284
    452.508667 157.102859 450.522705 128.532532 447.948303 101.860085
    480.456512 248.996811 481.099854 218.500549 480.706116 188.245438
    479.430298 158.558578 476.836243 130.75351 473.588135 104.456215
    505.483734 248.498688 506.486633 218.546036 505.874969 189.460052
    504.281128 160.351562 501.526794 132.721252 497.968872 106.918633</data></pointsPose00>
<pointsPose01 type_id="opencv-matrix">
  <rows>54</rows>
  <cols>2</cols>
  <dt>f</dt>
  <data>
    284.311127 166.498917 286.465088 137.501663 288.570557 110.26696
    290.667969 84.4919357 292.839111 61.1561928 294.948944 39.7851677
    314.36673 167.247879 315.778229 137.499207 317.462494 109.54229
    318.615906 83.6339569 319.663971 59.9768448 321.078278 38.4314308
    344.97879 168.084503 346.065704 138.09906 346.601593 109.574188
    347.426086 83.5315552 347.51181 59.5682182 347.597107 37.7052231
    376.372772 169.276154 376.539001 139.209671 376.543579 110.592705
    376.435669 84.3197937 375.610992 60.0366974 374.566864 38.0909348
    406.914764 170.492401 406.777649 140.57608 406.325439 112.289497
    405.120575 85.6418152 403.462006 61.4920349 401.51059 39.6049881
    436.505646 172.271042 435.970642 142.467621 434.806458 113.993759
    432.73996 87.5949249 430.394958 63.4166718 427.617676 41.5350151
    464.467255 174.205917 463.680511 144.727249 461.656769 116.774254
    459.261139 90.6942596 456.048859 66.5451584 452.611603 44.4330673
    490.504364 175.907043 489.159729 147.036011 487.032196 119.723969
    483.765472 93.9761124 480.364746 70.2453766 476.466492 48.3344727
    513.877502 177.786591 512.697571 149.667511 510.333557 122.986046
    507.124451 97.5107651 502.827942 73.757103 498.594696 52.2428017</data></pointsPose01>
<pointsPose02 type_id="opencv-matrix">
  <rows>54</rows>
  <cols>2</cols>
  <dt>f</dt>
  <data>
    195.313522 183.360764 197.744568 151.552979 201.093689 121.562965
    204.803406 93.4393463 209.150269 67.1756516 213.618927 43.4903336
    224.790039 183.64267 227.063324 151.489746 229.979309 120.466232
    233.292465 91.6412048 236.708389 65.3353043 240.636246 40.9693832
    256.740601 184.485733 258.514648 151.481323 260.851288 119.942314
    263.470978 90.6588745 266.1492 63.9627686 268.774078 39.500164
    290.488342 185.488266 291.715179 152.108246 293.477478 120.343704
    294.905792 90.5067596 296.501434 63.5004349 298.02356 39.1991005
    324.530487 186.489426 325.501007 153.16774 326.418579 121.31768
    326.884979 91.4151688 327.46637 64.4561386 327.811066 40.0729904
    358.519836 187.702957 358.871643 154.498108 359.077576 122.74247
    358.601318 93.1508713 358.271667 65.9845276 357.52655 41.5981483
    391.095062 189.314163 391.346069 156.303589 390.503876 124.94809
    389.383362 95.8885574 387.714417 69.0175858 386.154449 44.4547272
    421.538086 190.436859 421.406219 158.487045 420.289886 127.839226
    418.430298 99.2318192 416.108826 72.6754074 413.618744 48.4670563
    449.498444 191.509964 449.265625 160.76329 447.555511 130.877533
    445.515991 102.709404 442.465302 76.5143127 439.268127 52.6569328</data></pointsPose02>
<pointsPose03 type_id="opencv-matrix">
  <rows>54</rows>
  <cols>2</cols>
  <dt>f</dt>
  <data>
    99.8471832 211.523483 100.389732 180.149506 102.171959 149.28511
    105.407623 119.681534 109.695396 91.9371948 114.733948 66.3917007
    124.684174 211.460571 125.202866 178.711197 126.87825 146.925018
    129.878082 116.613739 133.904816 88.3347168 138.773376 62.1104393
    152.524918 211.008759 152.596725 177.488434 154.074219 144.824677
    157.027191 113.72921 160.596573 84.9273682 164.69696 58.4343987
    183.1483 210.502167 183.092911 176.377792 184.359421 142.72319
    186.254944 111.252396 189.317642 82.0078583 192.751068 55.3079491
    215.638901 210.149506 215.500931 175.377655 216.315704 141.46196
    217.569458 109.476242 219.835953 80.2132721 222.474182 53.49617
    250.211472 209.498642 249.518738 174.451645 249.615509 140.482895
    250.421265 108.386925 251.493561 78.8712769 253.032913 52.3276558
    285.079376 208.562256 284.453003 173.653519 283.832184 140.034927
    283.582367 108.460785 283.668427 79.0298767 284.124084 52.3531532
    319.553955 207.683899 318.489319 173.492477 317.559662 140.443588
    316.495819 108.989395 315.569427 80.1549225 314.603333 53.7262878
    352.496613 206.83316 351.488525 173.489914 350.036804 141.116409
    348.286163 110.195358 346.430023 81.6509781 344.430756 55.6677399</data></pointsPose03>
<pointsPose04 type_id="opencv-matrix">
  <rows>54</rows>
  <cols>2</cols>
  <dt>f</dt>
  <data>
    139.468552 215.223206 140.240005 186.751602 141.790649 159.317642
    144.421051 132.571808 147.747101 107.358017 151.685211 83.5822906
    160.530609 215.476273 161.351883 185.768127 163.03508 156.955276
    165.497665 129.230103 168.591949 103.060722 172.414597 78.6828308
    184.66806 215.505371 185.422287 184.517517 186.697495 154.641251
    189.180023 125.797211 191.939438 98.8925171 195.358444 73.7935944
    211.572815 215.5952 212.21109 183.561157 213.396484 152.408905
    214.906372 122.552376 217.503006 94.7151413 220.332748 69.2351608
    241.463425 215.645126 241.532074 182.496979 242.421219 150.215561
    243.559555 119.606628 245.567139 91.3267288 247.578186 65.484108
    273.561279 215.550003 273.514648 181.505798 273.748993 148.46283
    274.368225 116.870079 275.483673 88.3002777 276.441925 61.8263474
    307.598389 215.481781 307.516083 180.510559 307.24707 147.00827
    306.922211 115.492264 306.703339 86.0845795 306.599548 59.4417458
    342.598419 214.903107 342.256927 179.989594 341.383942 146.299301
    340.342743 114.420471 338.857117 84.9029541 337.527008 58.4157829
    377.501892 214.459961 376.635498 179.48465 375.486359 145.618073
    373.265289 113.650581 371.098358 84.44207 368.573608 57.5806389</data></pointsPose04>
