<?xml version="1.0"?>
<opencv_storage>
<cameraImagePoints>""</cameraImagePoints>
<nbPoses>23</nbPoses>
<pointsPose00 type_id="opencv-matrix">
  <rows>54</rows>
  <cols>2</cols>
  <dt>f</dt>
  <data>
    279.484863 310.715973 279.749664 283.049103 280.501404 254.276443
    281.496002 224.690735 282.715881 195.489349 284.440399 166.87088
    307.472107 313.913361 308.475952 285.480042 309.493378 255.956497
    310.351868 225.668732 311.462494 195.677597 312.499634 166.527695
    337.08075 316.272125 338.460327 287.358765 339.416199 257.501587
    340.519318 226.616257 341.36618 196.278366 341.847809 166.465256
    367.314209 317.702362 368.823639 288.537231 370.423889 258.457733
    371.350128 227.508148 371.696808 196.572601 372.102081 166.536057
    397.18454 318.507751 399.507965 289.519043 400.950104 259.191284
    402.010742 228.231186 402.453674 197.390717 402.179077 167.340118
    426.623444 318.503601 429.148987 289.522003 430.930023 259.487396
    432.082489 228.520889 432.22702 197.787338 431.526917 167.84639
    454.779449 317.744507 457.614044 289.167633 459.731384 259.486267
    460.506317 228.888123 460.48587 198.516281 459.473297 169.030319
    481.480316 316.517395 484.323273 288.143921 486.546295 258.821747
    487.330444 229.244476 486.840454 199.478607 485.53363 170.495132
    505.913025 314.261993 509.159027 286.562317 511.169342 258.357239
    512.089722 229.255722 511.57489 200.270309 510.175629 171.776276</data></pointsPose00>
<pointsPose01 type_id="opencv-matrix">
  <rows>54</rows>
  <cols>2</cols>
  <dt>f</dt>
  <data>
    291.677704 239.492172 293.114899 209.29686 294.422852 179.32782
    296.099365 150.210938 297.773285 122.423859 299.490692 96.4847183
    321.531952 241.122253 322.921478 210.459 324.360291 179.637894
    325.376465 150.125946 326.503021 121.818054 327.484192 95.5491333
    352.505615 242.513443 353.603088 211.422745 354.638641 180.493561
    355.509216 150.488022 355.860565 122.03791 356.294525 95.4317474
    383.523041 243.683365 384.797974 212.497971 385.544495 181.450089
    385.883301 151.427444 385.611359 122.592499 385.258301 95.792923
    414.224762 244.529602 415.524109 213.558258 416.128632 182.493469
    415.73526 152.548492 415.04245 124.108322 413.702271 97.3904877
    443.530518 245.432083 444.707306 214.497528 445.377472 183.919479
    444.584076 154.327652 443.307739 125.802406 441.393616 99.3351212
    471.135437 245.520493 472.515259 215.488052 472.694794 185.444397
    471.757874 156.205948 470.030396 128.33403 467.540741 101.843399
    496.734222 245.626373 497.869324 216.506332 498.085632 186.931061
    496.752594 158.454971 494.747101 131.092484 491.764496 105.255478
    520.155273 245.500122 521.467773 217.125351 521.425964 188.512543
    520.200562 160.64418 517.89209 133.714584 514.738647 108.434326</data></pointsPose01>
<pointsPose02 type_id="opencv-matrix">
  <rows>54</rows>
  <cols>2</cols>
  <dt>f</dt>
  <data>
    204.328415 261.489319 204.031738 229.699295 204.736221 197.531494
    206.485107 165.960632 209.108688 135.430923 212.404678 106.533722
    233.608047 263.707184 233.663864 231.180405 234.486816 198.192963
    236.077103 165.52919 238.3564 134.408051 240.990082 104.799629
    265.482239 265.493713 265.527954 232.327164 266.363281 198.540085
    267.551208 165.490479 269.308899 133.585541 271.447174 103.665466
    298.512421 266.64444 299.229584 233.363297 299.718872 199.347168
    300.605835 165.608047 301.618591 133.537354 303.047974 103.481903
    332.445953 267.500397 333.286102 233.917648 333.698181 199.994797
    334.45047 166.392517 334.714386 134.423233 335.217987 104.306602
    365.515991 267.516052 366.597656 234.495895 367.510376 200.614212
    367.561188 167.477783 367.520782 135.559402 366.873322 105.495163
    397.696503 267.351959 399.169067 234.531815 399.62851 201.482986
    399.524139 168.971542 398.62204 137.483414 397.544373 107.862633
    427.607971 266.534271 429.268768 234.511154 429.595215 202.497177
    429.473633 170.520844 428.198578 139.965134 426.343689 111.082657
    455.185181 265.159149 456.677612 234.496582 457.510681 203.489029
    456.938171 172.393066 455.549042 142.511429 453.297974 114.175247</data></pointsPose02>
<pointsPose03 type_id="opencv-matrix">
  <rows>54</rows>
  <cols>2</cols>
  <dt>f</dt>
  <data>
    112.568703 289.51886 109.08168 258.906586 106.867043 227.597702
    106.442848 196.323868 107.349823 165.229156 109.656151 135.412109
    137.409332 291.162201 133.889282 259.540863 131.794846 227.370224
    131.285583 194.723557 132.100693 162.688354 134.255478 131.998337
    164.976715 292.269623 161.562973 259.875458 159.429962 226.614197
    158.634811 193.361023 159.391708 160.37822 161.302658 128.827301
    194.87886 292.65564 191.653534 259.822754 189.643143 225.858719
    188.626999 191.66983 189.171478 158.290192 190.625 126.098747
    226.854843 292.598419 224.036377 259.513062 222.302246 224.973495
    221.291412 190.376144 221.278687 156.379745 222.204025 124.232552
    260.228394 291.681396 257.87796 258.505127 256.25354 223.727203
    254.924576 188.940506 254.532288 154.798203 254.688934 122.451981
    294.360992 290.14328 292.44223 257.154205 290.781525 222.66478
    289.565857 187.961823 288.581879 154.147858 288.271423 121.682114
    327.556061 287.869751 326.453125 255.068665 325.105804 221.420425
    323.529144 187.223129 322.338593 153.664398 321.060333 122.156418
    359.498718 284.76767 358.914276 252.687561 357.840363 219.763916
    356.540649 186.472473 354.647736 153.616211 353.033081 122.61129</data></pointsPose03>
<pointsPose04 type_id="opencv-matrix">
  <rows>54</rows>
  <cols>2</cols>
  <dt>f</dt>
  <data>
    150.80098 284.564331 148.769333 257.173615 147.579224 229.339294
    147.547638 201.339722 148.646591 173.448227 150.536163 146.588669
    172.068497 287.40564 170.297714 258.626404 169.166336 229.504868
    168.875168 200.189102 169.68158 171.273453 171.682449 143.270325
    196.206894 289.738464 194.07608 260.144958 192.742981 229.553314
    192.712418 199.088272 193.551941 168.952728 195.136749 139.846603
    222.812439 292.068909 220.661835 261.495148 219.580505 229.588043
    219.389221 197.780609 219.658905 166.578232 220.973282 136.596771
    251.751785 293.852966 250.288635 262.41333 249.223923 229.551956
    248.574295 196.572723 248.770172 164.543793 249.629501 133.705444
    283.349426 295.367004 281.8815 262.719177 280.867737 229.439072
    280.330872 195.560425 280.203674 162.480942 280.40976 130.88913
    316.460266 295.689178 315.495026 262.945374 314.483185 228.828247
    313.715607 194.516388 313.314178 160.963425 312.537567 129.033279
    350.150055 295.505829 349.555878 262.491577 349.196777 228.288116
    348.296356 193.605362 347.082428 159.740921 345.537598 127.710518
    383.538147 294.380798 383.789581 261.480286 383.514313 227.374161
    382.464172 192.591095 380.627136 158.949158 378.827515 126.810249</data></pointsPose04>
