<?xml version="1.0"?>
<opencv_storage>
<calibTargetObjPoints>""</calibTargetObjPoints>
<nbPoses>25</nbPoses>
<objectPointsPose00 type_id="opencv-matrix">
  <rows>54</rows>
  <cols>3</cols>
  <dt>f</dt>
  <data>
    0. 0. 0. 3.5 0. 0. 7. 0. 0. 10.5 0. 0. 14. 0. 0. 17.5 0. 0. 0. 3.5
    0. 3.5 3.5 0. 7. 3.5 0. 10.5 3.5 0. 14. 3.5 0. 17.5 3.5 0. 0. 7. 0.
    3.5 7. 0. 7. 7. 0. 10.5 7. 0. 14. 7. 0. 17.5 7. 0. 0. 10.5 0. 3.5
    10.5 0. 7. 10.5 0. 10.5 10.5 0. 14. 10.5 0. 17.5 10.5 0. 0. 14. 0.
    3.5 14. 0. 7. 14. 0. 10.5 14. 0. 14. 14. 0. 17.5 14. 0. 0. 17.5 0.
    3.5 17.5 0. 7. 17.5 0. 10.5 17.5 0. 14. 17.5 0. 17.5 17.5 0. 0. 21.
    0. 3.5 21. 0. 7. 21. 0. 10.5 21. 0. 14. 21. 0. 17.5 21. 0. 0. 24.5
    0. 3.5 24.5 0. 7. 24.5 0. 10.5 24.5 0. 14. 24.5 0. 17.5 24.5 0. 0.
    28. 0. 3.5 28. 0. 7. 28. 0. 10.5 28. 0. 14. 28. 0. 17.5 28. 0.</data></objectPointsPose00>
<objectPointsPose01 type_id="opencv-matrix">
  <rows>54</rows>
  <cols>3</cols>
  <dt>f</dt>
  <data>
    0. 0. 0. 3.5 0. 0. 7. 0. 0. 10.5 0. 0. 14. 0. 0. 17.5 0. 0. 0. 3.5
    0. 3.5 3.5 0. 7. 3.5 0. 10.5 3.5 0. 14. 3.5 0. 17.5 3.5 0. 0. 7. 0.
    3.5 7. 0. 7. 7. 0. 10.5 7. 0. 14. 7. 0. 17.5 7. 0. 0. 10.5 0. 3.5
    10.5 0. 7. 10.5 0. 10.5 10.5 0. 14. 10.5 0. 17.5 10.5 0. 0. 14. 0.
    3.5 14. 0. 7. 14. 0. 10.5 14. 0. 14. 14. 0. 17.5 14. 0. 0. 17.5 0.
    3.5 17.5 0. 7. 17.5 0. 10.5 17.5 0. 14. 17.5 0. 17.5 17.5 0. 0. 21.
    0. 3.5 21. 0. 7. 21. 0. 10.5 21. 0. 14. 21. 0. 17.5 21. 0. 0. 24.5
    0. 3.5 24.5 0. 7. 24.5 0. 10.5 24.5 0. 14. 24.5 0. 17.5 24.5 0. 0.
    28. 0. 3.5 28. 0. 7. 28. 0. 10.5 28. 0. 14. 28. 0. 17.5 28. 0.</data></objectPointsPose01>
<objectPointsPose02 type_id="opencv-matrix">
  <rows>54</rows>
  <cols>3</cols>
  <dt>f</dt>
  <data>
    0. 0. 0. 3.5 0. 0. 7. 0. 0. 10.5 0. 0. 14. 0. 0. 17.5 0. 0. 0. 3.5
    0. 3.5 3.5 0. 7. 3.5 0. 10.5 3.5 0. 14. 3.5 0. 17.5 3.5 0. 0. 7. 0.
    3.5 7. 0. 7. 7. 0. 10.5 7. 0. 14. 7. 0. 17.5 7. 0. 0. 10.5 0. 3.5
    10.5 0. 7. 10.5 0. 10.5 10.5 0. 14. 10.5 0. 17.5 10.5 0. 0. 14. 0.
    3.5 14. 0. 7. 14. 0. 10.5 14. 0. 14. 14. 0. 17.5 14. 0. 0. 17.5 0.
    3.5 17.5 0. 7. 17.5 0. 10.5 17.5 0. 14. 17.5 0. 17.5 17.5 0. 0. 21.
    0. 3.5 21. 0. 7. 21. 0. 10.5 21. 0. 14. 21. 0. 17.5 21. 0. 0. 24.5
    0. 3.5 24.5 0. 7. 24.5 0. 10.5 24.5 0. 14. 24.5 0. 17.5 24.5 0. 0.
    28. 0. 3.5 28. 0. 7. 28. 0. 10.5 28. 0. 14. 28. 0. 17.5 28. 0.</data></objectPointsPose02>
<objectPointsPose03 type_id="opencv-matrix">
  <rows>54</rows>
  <cols>3</cols>
  <dt>f</dt>
  <data>
    0. 0. 0. 3.5 0. 0. 7. 0. 0. 10.5 0. 0. 14. 0. 0. 17.5 0. 0. 0. 3.5
    0. 3.5 3.5 0. 7. 3.5 0. 10.5 3.5 0. 14. 3.5 0. 17.5 3.5 0. 0. 7. 0.
    3.5 7. 0. 7. 7. 0. 10.5 7. 0. 14. 7. 0. 17.5 7. 0. 0. 10.5 0. 3.5
    10.5 0. 7. 10.5 0. 10.5 10.5 0. 14. 10.5 0. 17.5 10.5 0. 0. 14. 0.
    3.5 14. 0. 7. 14. 0. 10.5 14. 0. 14. 14. 0. 17.5 14. 0. 0. 17.5 0.
    3.5 17.5 0. 7. 17.5 0. 10.5 17.5 0. 14. 17.5 0. 17.5 17.5 0. 0. 21.
    0. 3.5 21. 0. 7. 21. 0. 10.5 21. 0. 14. 21. 0. 17.5 21. 0. 0. 24.5
    0. 3.5 24.5 0. 7. 24.5 0. 10.5 24.5 0. 14. 24.5 0. 17.5 24.5 0. 0.
    28. 0. 3.5 28. 0. 7. 28. 0. 10.5 28. 0. 14. 28. 0. 17.5 28. 0.</data></objectPointsPose03>
<objectPointsPose04 type_id="opencv-matrix">
  <rows>54</rows>
  <cols>3</cols>
  <dt>f</dt>
  <data>
    0. 0. 0. 3.5 0. 0. 7. 0. 0. 10.5 0. 0. 14. 0. 0. 17.5 0. 0. 0. 3.5
    0. 3.5 3.5 0. 7. 3.5 0. 10.5 3.5 0. 14. 3.5 0. 17.5 3.5 0. 0. 7. 0.
    3.5 7. 0. 7. 7. 0. 10.5 7. 0. 14. 7. 0. 17.5 7. 0. 0. 10.5 0. 3.5
    10.5 0. 7. 10.5 0. 10.5 10.5 0. 14. 10.5 0. 17.5 10.5 0. 0. 14. 0.
    3.5 14. 0. 7. 14. 0. 10.5 14. 0. 14. 14. 0. 17.5 14. 0. 0. 17.5 0.
    3.5 17.5 0. 7. 17.5 0. 10.5 17.5 0. 14. 17.5 0. 17.5 17.5 0. 0. 21.
    0. 3.5 21. 0. 7. 21. 0. 10.5 21. 0. 14. 21. 0. 17.5 21. 0. 0. 24.5
    0. 3.5 24.5 0. 7. 24.5 0. 10.5 24.5 0. 14. 24.5 0. 17.5 24.5 0. 0.
    28. 0. 3.5 28. 0. 7. 28. 0. 10.5 28. 0. 14. 28. 0. 17.5 28. 0.</data></objectPointsPose04>
<objectPointsPose05 type_id="opencv-matrix">
  <rows>54</rows>
  <cols>3</cols>
  <dt>f</dt>
  <data>
    0. 0. 0. 3.5 0. 0. 7. 0. 0. 10.5 0. 0. 14. 0. 0. 17.5 0. 0. 0. 3.5
    0. 3.5 3.5 0. 7. 3.5 0. 10.5 3.5 0. 14. 3.5 0. 17.5 3.5 0. 0. 7. 0.
    3.5 7. 0. 7. 7. 0. 10.5 7. 0. 14. 7. 0. 17.5 7. 0. 0. 10.5 0. 3.5
    10.5 0. 7. 10.5 0. 10.5 10.5 0. 14. 10.5 0. 17.5 10.5 0. 0. 14. 0.
    3.5 14. 0. 7. 14. 0. 10.5 14. 0. 14. 14. 0. 17.5 14. 0. 0. 17.5 0.
    3.5 17.5 0. 7. 17.5 0. 10.5 17.5 0. 14. 17.5 0. 17.5 17.5 0. 0. 21.
    0. 3.5 21. 0. 7. 21. 0. 10.5 21. 0. 14. 21. 0. 17.5 21. 0. 0. 24.5
    0. 3.5 24.5 0. 7. 24.5 0. 10.5 24.5 0. 14. 24.5 0. 17.5 24.5 0. 0.
    28. 0. 3.5 28. 0. 7. 28. 0. 10.5 28. 0. 14. 28. 0. 17.5 28. 0.</data></objectPointsPose05>
<objectPointsPose06 type_id="opencv-matrix">
  <rows>54</rows>
  <cols>3</cols>
  <dt>f</dt>
  <data>
    0. 0. 0. 3.5 0. 0. 7. 0. 0. 10.5 0. 0. 14. 0. 0. 17.5 0. 0. 0. 3.5
    0. 3.5 3.5 0. 7. 3.5 0. 10.5 3.5 0. 14. 3.5 0. 17.5 3.5 0. 0. 7. 0.
    3.5 7. 0. 7. 7. 0. 10.5 7. 0. 14. 7. 0. 17.5 7. 0. 0. 10.5 0. 3.5
    10.5 0. 7. 10.5 0. 10.5 10.5 0. 14. 10.5 0. 17.5 10.5 0. 0. 14. 0.
    3.5 14. 0. 7. 14. 0. 10.5 14. 0. 14. 14. 0. 17.5 14. 0. 0. 17.5 0.
    3.5 17.5 0. 7. 17.5 0. 10.5 17.5 0. 14. 17.5 0. 17.5 17.5 0. 0. 21.
    0. 3.5 21. 0. 7. 21. 0. 10.5 21. 0. 14. 21. 0. 17.5 21. 0. 0. 24.5
    0. 3.5 24.5 0. 7. 24.5 0. 10.5 24.5 0. 14. 24.5 0. 17.5 24.5 0. 0.
    28. 0. 3.5 28. 0. 7. 28. 0. 10.5 28. 0. 14. 28. 0. 17.5 28. 0.</data></objectPointsPose06>
<objectPointsPose07 type_id="opencv-matrix">
  <rows>54</rows>
  <cols>3</cols>
  <dt>f</dt>
  <data>
    0. 0. 0. 3.5 0. 0. 7. 0. 0. 10.5 0. 0. 14. 0. 0. 17.5 0. 0. 0. 3.5
    0. 3.5 3.5 0. 7. 3.5 0. 10.5 3.5 0. 14. 3.5 0. 17.5 3.5 0. 0. 7. 0.
    3.5 7. 0. 7. 7. 0. 10.5 7. 0. 14. 7. 0. 17.5 7. 0. 0. 10.5 0. 3.5
    10.5 0. 7. 10.5 0. 10.5 10.5 0. 14. 10.5 0. 17.5 10.5 0. 0. 14. 0.
    3.5 14. 0. 7. 14. 0. 10.5 14. 0. 14. 14. 0. 17.5 14. 0. 0. 17.5 0.
    3.5 17.5 0. 7. 17.5 0. 10.5 17.5 0. 14. 17.5 0. 17.5 17.5 0. 0. 21.
    0. 3.5 21. 0. 7. 21. 0. 10.5 21. 0. 14. 21. 0. 17.5 21. 0. 0. 24.5
    0. 3.5 24.5 0. 7. 24.5 0. 10.5 24.5 0. 14. 24.5 0. 17.5 24.5 0. 0.
    28. 0. 3.5 28. 0. 7. 28. 0. 10.5 28. 0. 14. 28. 0. 17.5 28. 0.</data></objectPointsPose07>
<objectPointsPose08 type_id="opencv-matrix">
  <rows>54</rows>
  <cols>3</cols>
  <dt>f</dt>
  <data>
    0. 0. 0. 3.5 0. 0. 7. 0. 0. 10.5 0. 0. 14. 0. 0. 17.5 0. 0. 0. 3.5
    0. 3.5 3.5 0. 7. 3.5 0. 10.5 3.5 0. 14. 3.5 0. 17.5 3.5 0. 0. 7. 0.
    3.5 7. 0. 7. 7. 0. 10.5 7. 0. 14. 7. 0. 17.5 7. 0. 0. 10.5 0. 3.5
    10.5 0. 7. 10.5 0. 10.5 10.5 0. 14. 10.5 0. 17.5 10.5 0. 0. 14. 0.
    3.5 14. 0. 7. 14. 0. 10.5 14. 0. 14. 14. 0. 17.5 14. 0. 0. 17.5 0.
    3.5 17.5 0. 7. 17.5 0. 10.5 17.5 0. 14. 17.5 0. 17.5 17.5 0. 0. 21.
    0. 3.5 21. 0. 7. 21. 0. 10.5 21. 0. 14. 21. 0. 17.5 21. 0. 0. 24.5
    0. 3.5 24.5 0. 7. 24.5 0. 10.5 24.5 0. 14. 24.5 0. 17.5 24.5 0. 0.
    28. 0. 3.5 28. 0. 7. 28. 0. 10.5 28. 0. 14. 28. 0. 17.5 28. 0.</data></objectPointsPose08>
<objectPointsPose09 type_id="opencv-matrix">
  <rows>54</rows>
  <cols>3</cols>
  <dt>f</dt>
  <data>
    0. 0. 0. 3.5 0. 0. 7. 0. 0. 10.5 0. 0. 14. 0. 0. 17.5 0. 0. 0. 3.5
    0. 3.5 3.5 0. 7. 3.5 0. 10.5 3.5 0. 14. 3.5 0. 17.5 3.5 0. 0. 7. 0.
    3.5 7. 0. 7. 7. 0. 10.5 7. 0. 14. 7. 0. 17.5 7. 0. 0. 10.5 0. 3.5
    10.5 0. 7. 10.5 0. 10.5 10.5 0. 14. 10.5 0. 17.5 10.5 0. 0. 14. 0.
    3.5 14. 0. 7. 14. 0. 10.5 14. 0. 14. 14. 0. 17.5 14. 0. 0. 17.5 0.
    3.5 17.5 0. 7. 17.5 0. 10.5 17.5 0. 14. 17.5 0. 17.5 17.5 0. 0. 21.
    0. 3.5 21. 0. 7. 21. 0. 10.5 21. 0. 14. 21. 0. 17.5 21. 0. 0. 24.5
    0. 3.5 24.5 0. 7. 24.5 0. 10.5 24.5 0. 14. 24.5 0. 17.5 24.5 0. 0.
    28. 0. 3.5 28. 0. 7. 28. 0. 10.5 28. 0. 14. 28. 0. 17.5 28. 0.</data></objectPointsPose09>
