<?xml version="1.0"?>
<opencv_storage>
<cameraImagePoints>""</cameraImagePoints>
<nbPoses>25</nbPoses>
<pointsPose00 type_id="opencv-matrix">
  <rows>54</rows>
  <cols>2</cols>
  <dt>f</dt>
  <data>
    410.52005 143.473877 410.825409 179.38588 410.528259 215.913666
    409.177185 252.095016 406.940491 286.544281 404.053864 318.591217
    376.286713 140.88205 376.404816 178.010651 375.660461 215.797226
    374.636688 253.338852 373.350037 288.574799 371.08078 321.691284
    339.428955 139.086639 339.098083 176.855743 338.523315 215.636505
    337.740845 253.841919 337.164581 290.33136 336.319183 323.519531
    300.730164 137.691101 300.209839 176.312332 299.54068 215.477798
    299.484436 254.214355 299.505188 290.669128 299.662354 324.531799
    262.323975 137.493027 261.110504 175.708572 260.500183 215.035095
    260.71701 253.56955 261.720367 290.386505 263.359955 323.793243
    225.233109 138.110107 223.438141 175.748291 222.718796 214.514877
    223.428726 252.567459 225.358276 288.99527 227.845169 322.539978
    190.124496 139.223969 188.293503 176.325363 187.489395 213.66745
    188.752625 251.026047 191.169586 286.540619 194.474014 319.684021
    158.391541 140.827423 156.46785 176.652878 155.766418 213.27066
    157.292084 249.317444 159.909103 283.681885 163.965164 315.855164
    130.113373 143.078934 127.735046 177.472763 127.454773 212.513229
    128.652191 247.225937 131.548126 280.659241 135.814468 312.144806</data></pointsPose00>
<pointsPose01 type_id="opencv-matrix">
  <rows>54</rows>
  <cols>2</cols>
  <dt>f</dt>
  <data>
    467.471619 165.312164 468.542297 196.147598 468.554047 227.532669
    467.532532 258.519012 465.444397 288.636658 462.525299 317.408661
    440.526215 163.202255 441.522339 195.48587 441.51239 227.803894
    440.528961 260.122162 438.544159 291.320404 436.038544 320.701721
    411.06073 161.502533 411.678741 194.557571 411.658386 228.409225
    410.714386 261.498657 409.278961 293.45285 407.242737 323.601532
    379.341064 160.344589 379.521729 194.188049 379.501953 228.496231
    378.715332 262.516449 377.522003 295.40213 376.110413 325.883545
    345.529175 159.466827 345.541473 193.532547 345.498077 228.50061
    344.967682 263.03891 344.426941 296.117493 343.504974 326.961151
    311.267609 158.74527 310.582764 193.348801 310.489838 228.38974
    310.401184 263.004028 310.303802 296.343292 310.334167 327.501526
    276.742798 158.702942 275.887726 192.919281 275.484161 227.584686
    275.537445 262.320679 276.267151 295.491394 276.991974 326.40036
    243.521484 159.268845 242.523605 192.759171 242.051575 227.100525
    242.474548 260.89328 243.405746 293.606323 244.91185 324.349548
    212.689178 160.109268 211.200775 192.706543 210.490921 226.380341
    210.747437 259.398956 212.387314 291.474518 214.357269 321.629639</data></pointsPose01>
<pointsPose02 type_id="opencv-matrix">
  <rows>54</rows>
  <cols>2</cols>
  <dt>f</dt>
  <data>
    546.043396 199.283768 548.413574 224.482086 549.766174 249.689896
    550.337219 275.103485 549.571899 300.0784 547.869629 324.433594
    525.859924 200.337448 528.1698 225.831085 529.382263 251.608307
    529.601807 277.572174 528.937012 303.053711 527.289551 327.779816
    504.0755 201.24939 506.172119 227.343292 507.466797 253.543442
    507.517181 279.839844 506.81134 305.71936 505.34079 330.680054
    480.824951 202.344788 482.544525 228.508331 483.661896 255.449509
    483.848724 282.040527 483.419769 308.161682 481.751648 333.369019
    456.356354 203.24794 457.814667 229.561737 458.598236 256.796234
    458.797729 283.535858 458.316925 310.038818 456.703125 335.459381
    430.757843 204.495819 432.19281 230.888062 432.62796 258.154175
    432.96933 284.974335 432.504242 311.521484 431.207855 336.739746
    404.532532 205.372696 405.562775 232.040359 406.415131 258.755005
    406.402313 285.643738 405.639099 312.203003 404.7034 337.508667
    378.482391 206.503235 379.156219 232.722031 379.506622 259.503754
    379.51181 286.342407 379.288788 312.348267 378.528931 337.365021
    352.502777 207.516159 352.601868 233.472076 352.868286 259.752167
    352.88385 286.293182 352.591492 311.686432 352.494904 336.5466</data></pointsPose02>
<pointsPose03 type_id="opencv-matrix">
  <rows>54</rows>
  <cols>2</cols>
  <dt>f</dt>
  <data>
    570.764099 145.193237 573.467346 169.263351 575.188049 194.386185
    575.601196 219.525131 575.16333 244.848602 573.441284 270.21402
    552.570679 143.164948 555.12146 167.756378 556.613403 193.404541
    557.210571 219.482681 556.507202 245.520294 554.77832 271.327728
    532.512878 141.360031 535.068604 166.532089 536.510925 192.496841
    536.891113 219.439667 536.276489 246.084427 534.502441 272.501038
    510.879883 139.522751 513.305603 165.42572 514.580078 191.737732
    515.024292 219.16095 514.442749 246.465027 512.490234 273.446198
    487.637024 138.012253 489.805939 164.114105 490.929352 191.223038
    491.289703 218.66684 490.402039 246.509216 488.563507 273.883545
    463.117828 136.706055 464.59671 163.214844 465.64444 190.479095
    466.061493 218.516617 465.280396 246.495865 463.389008 274.48407
    437.509247 135.810089 438.619049 162.434464 439.500458 189.506119
    439.417175 217.87915 438.442047 246.429001 436.71637 274.340393
    410.827179 135.430389 411.521973 161.683167 412.115692 189.38559
    411.631134 217.498123 410.742615 245.586411 409.449188 273.500641
    384.112122 135.511276 384.491425 161.475388 384.463165 188.697266
    383.748444 216.726761 382.958862 245.14357 381.547272 272.692322</data></pointsPose03>
<pointsPose04 type_id="opencv-matrix">
  <rows>54</rows>
  <cols>2</cols>
  <dt>f</dt>
  <data>
    567.513916 106.405006 571.528992 129.991089 574.592529 154.833832
    576.754333 180.587784 577.552063 206.622452 577.386475 233.122498
    549.193298 102.990616 553.114868 127.423576 556.16626 152.846298
    558.293701 179.448349 559.118347 206.392883 558.724304 233.504807
    528.833679 100.265572 532.770691 124.829483 535.78894 150.841873
    537.802185 178.088531 538.553284 205.847336 538.375427 233.775818
    506.937286 97.3832474 510.549622 122.519882 513.491821 149.004288
    515.51416 176.792801 516.290955 205.459396 515.741272 234.2547
    483.38266 94.9187164 486.581238 120.482033 489.345062 147.480637
    490.862366 175.703583 491.530029 204.867401 491.052155 234.417282
    458.055084 92.9670792 460.896606 118.567123 463.246735 146.181335
    464.641327 174.578384 465.328125 204.494919 464.675079 234.459457
    431.549072 91.5627899 434.022369 117.491631 435.616882 144.771469
    436.600189 174.086853 437.091797 203.844894 436.528229 234.2332
    404.197144 90.9372787 405.596069 116.771469 407.163208 144.455902
    407.593231 173.488602 407.662415 203.503906 407.317657 233.569412
    376.506439 91.3121109 377.433594 116.588364 377.730377 144.253204
    378.200043 173.113663 377.822968 202.976288 377.474121 233.325287</data></pointsPose04>
