<?xml version="1.0"?>
<opencv_storage>
<cameraImagePoints>""</cameraImagePoints>
<nbPoses>25</nbPoses>
<pointsPose00 type_id="opencv-matrix">
  <rows>54</rows>
  <cols>2</cols>
  <dt>f</dt>
  <data>
    334.33197 136.496735 333.644043 173.536865 333.261688 211.476685
    332.427338 248.499451 331.354645 283.719849 330.184692 316.522949
    296.594086 135.268036 295.759613 172.531097 295.375549 210.8479
    294.754333 248.516556 294.595703 284.313049 294.580109 317.227539
    259.259399 134.525101 257.751404 172.17337 257.365173 210.455536
    257.449371 247.817627 257.990967 283.541931 259.219879 316.609436
    222.476074 134.589218 220.770401 171.652802 220.390656 209.517883
    220.554123 246.611069 222.137863 282.209015 224.405563 314.93103
    187.992615 135.511871 186.352921 171.64621 185.513519 208.533707
    186.395432 245.135483 188.444748 279.744049 191.480896 312.018677
    156.602173 136.70726 154.49324 172.10704 153.718201 207.677032
    154.566849 243.297638 157.206177 276.960266 160.719818 308.669037
    128.207748 138.564819 125.876045 172.498627 125.330742 206.610992
    126.660957 240.873642 129.323242 273.604828 133.195801 304.518555
    102.912216 140.423538 100.935211 172.945557 100.434029 205.7659
    101.593246 238.526901 104.497368 270.153503 108.559959 299.916534
    81.0727921 142.416016 78.775032 173.475616 78.4344635 205.083267
    79.4679184 236.38118 82.2256622 266.701385 86.3320999 295.633148</data></pointsPose00>
<pointsPose01 type_id="opencv-matrix">
  <rows>54</rows>
  <cols>2</cols>
  <dt>f</dt>
  <data>
    405.519836 158.274673 406.24881 190.683884 405.802551 224.189041
    404.692963 256.875763 403.089752 288.618011 400.695068 318.46582
    374.209839 156.570633 374.459259 190.219025 374.053253 224.371948
    373.308228 257.75705 371.584839 290.354828 370.02536 320.546753
    340.748352 155.489029 340.638062 189.510239 340.482239 224.267578
    339.589783 258.418335 338.718231 291.097168 337.698975 321.628845
    306.518005 154.649521 306.197296 188.970505 305.54187 223.645187
    305.395081 258.241058 304.957947 291.160126 304.597443 321.795868
    272.470917 154.497971 271.499847 188.501236 270.874023 223.238754
    270.721771 257.398865 271.219574 290.176849 271.652252 320.699432
    239.478806 154.561157 238.169067 188.362656 237.474152 222.386032
    237.462616 256.076355 238.372543 288.37558 239.491028 318.823914
    208.088608 155.338623 206.479324 187.898911 205.630432 221.306534
    206.294891 254.127869 207.421921 285.859985 209.139084 315.834473
    179.404404 155.882431 177.578506 187.680588 176.718216 219.932755
    177.420334 251.967682 178.775452 282.792236 181.20697 312.19101
    153.29776 157.150192 151.437958 187.555618 150.51329 218.561951
    150.81279 249.664276 152.472656 279.657867 155.075775 308.24588</data></pointsPose01>
<pointsPose02 type_id="opencv-matrix">
  <rows>54</rows>
  <cols>2</cols>
  <dt>f</dt>
  <data>
    504.394592 194.351303 506.588531 221.499405 507.595093 248.934647
    507.711456 276.246216 506.859955 303.05481 504.824768 328.896454
    480.552246 195.451233 482.537598 222.774094 483.510925 250.533859
    483.504425 278.409332 482.540955 305.616211 480.622772 331.809418
    455.328552 196.373169 456.8461 224.331146 457.642609 252.260056
    457.547089 280.467896 456.744843 307.80072 455.15274 334.19632
    428.791168 197.506241 430.191101 225.407211 430.594849 253.500351
    430.563721 281.747742 429.662964 309.47995 428.248474 335.680084
    401.518585 198.483368 402.503113 226.503876 402.85202 254.57045
    402.674561 282.639893 402.204407 310.213593 400.712738 336.436584
    373.861877 199.487717 374.504913 227.417816 374.670868 255.460037
    374.571075 283.317993 374.314056 310.416504 373.37439 336.480286
    346.531677 200.613342 346.766144 227.857376 346.94043 255.482529
    346.705292 282.839874 346.488617 309.578583 345.871277 335.391998
    320.216522 201.467865 320.104584 228.492722 319.909088 255.456253
    319.731445 282.372772 319.584015 308.414459 319.502228 333.532013
    294.682281 202.566757 294.497589 228.50914 294.250458 254.798721
    293.902496 281.197479 293.785828 306.680359 293.874725 331.390717</data></pointsPose02>
<pointsPose03 type_id="opencv-matrix">
  <rows>54</rows>
  <cols>2</cols>
  <dt>f</dt>
  <data>
    533.458313 135.381119 536.126709 161.515045 537.520142 188.485947
    537.819092 216.388824 537.072449 243.787949 534.798401 271.445831
    511.63446 133.251144 513.90686 160.207901 515.379822 187.66832
    515.539368 216.171127 514.540039 244.50853 512.471375 272.395081
    487.861664 131.538361 490.153534 158.729782 491.444733 187.091293
    491.432037 215.763412 490.305054 244.604599 488.298706 273.337494
    462.592255 130.266403 464.514954 157.521927 465.450287 186.419937
    465.449036 215.507278 464.494751 244.705627 462.186218 273.552155
    435.869171 129.444733 437.385986 156.693726 437.895874 185.486511
    437.576569 215.210983 436.635284 244.514297 434.578064 273.530334
    408.407288 128.508194 409.400482 156.396408 409.498871 185.054718
    409.319214 214.520126 408.03064 244.294617 406.200256 273.397034
    380.467163 128.484283 380.516937 155.714737 380.52536 184.47438
    379.76181 213.668335 378.725586 243.451843 377.349792 272.288513
    352.491241 128.520462 352.189148 155.657928 351.491791 184.06929
    350.636078 213.091339 349.540771 242.227188 348.374084 270.538086
    324.967163 129.489395 324.33252 155.983093 323.359253 183.597412
    322.404999 212.33815 321.284943 240.613953 320.057434 268.84845</data></pointsPose03>
<pointsPose04 type_id="opencv-matrix">
  <rows>54</rows>
  <cols>2</cols>
  <dt>f</dt>
  <data>
    528.834473 93.3356934 533.135437 118.655518 536.329407 145.5616
    538.238525 173.593445 538.975647 202.402496 538.493652 231.173447
    506.914978 90.1029358 510.65274 116.029137 513.729309 143.714264
    515.560059 172.47934 516.383911 201.682129 515.66449 231.484299
    482.681519 87.5318146 486.444672 113.812828 489.291748 141.631149
    490.780457 171.316498 491.470398 201.48819 490.603546 231.605515
    457.104889 85.2246094 460.211945 111.780457 462.47699 140.253738
    464.097595 170.289871 464.488403 200.686996 463.682404 231.694321
    429.713989 83.5192642 432.179321 110.444649 434.331146 139.174088
    435.367096 169.363022 435.51236 200.423264 434.524963 231.54892
    401.462311 82.7783432 403.433746 109.484634 404.541748 138.366714
    405.43576 168.514084 405.322296 199.586655 404.440887 231.443176
    372.518951 82.6550293 373.519531 109.403137 374.318604 137.496109
    374.450745 167.977493 374.045807 199.290344 373.342316 230.549438
    343.653503 83.4493484 343.775848 109.594986 343.636963 137.807816
    343.509552 167.614426 342.837799 198.538712 342.178925 229.534042
    315.512482 84.9147339 314.65451 110.513374 314.105621 138.471497
    313.362396 167.597473 312.436096 198.093369 311.496948 228.575516</data></pointsPose04>
